000 004 015 000 000 000 000 000 000 000 000 000 000 000 000 000 000 000 000 000 000 000 000 000
004 000 012 012 007 000 013 000 000 000 000 000 000 000 000 000 000 000 000 000 000 000 000 000
015 012 000 003 006 000 000 000 000 000 000 000 000 000 000 000 000 000 000 000 000 000 000 000
000 012 003 000 002 004 000 000 000 000 000 000 000 000 000 000 000 000 000 000 000 000 000 000
000 007 006 002 000 001 010 007 000 000 000 000 000 000 000 000 000 000 000 000 000 000 000 000
000 000 000 004 001 000 000 003 000 000 000 000 000 000 000 000 000 000 000 000 000 000 000 000
000 013 000 000 010 000 000 004 001 000 000 000 000 000 000 000 000 000 000 000 000 000 000 000
000 000 000 000 007 003 004 000 006 003 000 000 000 000 000 000 000 000 000 000 000 000 000 000
000 000 000 000 000 000 001 006 000 007 000 000 000 002 005 000 000 000 000 000 000 000 000 000
000 000 000 000 000 000 000 003 007 000 003 000 000 010 004 000 000 013 000 000 000 000 000 000
000 000 000 000 000 000 000 000 000 003 000 006 000 000 008 000 012 012 000 000 000 000 000 000
000 000 000 000 000 000 000 000 000 000 006 000 002 000 016 000 000 014 000 000 000 000 000 000
000 000 000 000 000 000 000 000 000 000 000 002 000 000 000 000 000 019 000 000 000 000 000 000
000 000 000 000 000 000 000 000 002 010 000 000 000 000 001 005 008 000 000 000 000 000 000 000
000 000 000 000 000 000 000 000 005 004 008 016 000 001 000 008 004 010 000 000 000 000 000 000
000 000 000 000 000 000 000 000 000 000 000 000 000 005 008 000 004 000 009 004 002 007 000 000
000 000 000 000 000 000 000 000 000 000 012 000 000 008 004 004 000 004 000 000 000 005 000 000
000 000 000 000 000 000 000 000 000 013 012 014 019 000 010 000 004 000 000 000 000 009 000 000
000 000 000 000 000 000 000 000 000 000 000 000 000 000 000 009 000 000 000 003 000 000 001 017
000 000 000 000 000 000 000 000 000 000 000 000 000 000 000 004 000 000 003 000 002 000 000 014
000 000 000 000 000 000 000 000 000 000 000 000 000 000 000 002 000 000 000 002 000 004 000 012
000 000 000 000 000 000 000 000 000 000 000 000 000 000 000 007 005 009 000 000 004 000 000 013
000 000 000 000 000 000 000 000 000 000 000 000 000 000 000 000 000 000 001 000 000 000 000 016
000 000 000 000 000 000 000 000 000 000 000 000 000 000 000 000 000 000 017 014 012 013 016 000